80
45
80
5
71
95
1
87
46
58
4
26
24
84
11
65
79
70
88
77
54
45
26
95
95
57
7
67
57
38
13
60
13
18
73
82
0
76
52
9
24
90
10
4
72
88
88
95
14
37
63
80
28
1
12
68
34
93
46
43
97
32
44
99
73
79
86
58
6
76
7
46
53
98
24
10
95
55
87
23
59
81
79
81
69
63
86
45
67
8
40
41
87
85
22
40
1
68
20
45
85
29
34
47
33
60
31
92
79
26
81
22
62
59
24
32
47
62
82
45
9
58
79
52
33
51
53
85
50
30
79
10
7
69
29
12
42
33
59
54
84
51
63
94
14
25
6
5
16
52
32
35
45
63
98
81
24
65
67
43
75
14
55
24
38
16
36
31
38
58
42
13
9
28
20
9
64
90
47
44
54
100
74
29
12
14
6
68
71
58
29
62
28
66
48
88
45
98
65
50
9
54
19
54
2
22
42
13
59
23
65
57
42
22
32
71
98
63
58
40
58
86
70
46
83
25
59
35
5
31
28
40
32
92
86
4
46
60
11
1
47
44
21
62
35
5
70
16
24
71
17
49
97
12
61
29
86
77
31
82
2
95
30
53
15
3
89
96
35
70
26
46
65
25
42
62
92
92
82
90
10
52
27
55
74
99
94
8
18
57
17
40
39
25
74
63
80
39
87
28
58
86
77
26
17
64
56
98
91
31
15
46
34
25
29
41
26
30
28
12
33
38
56
41
17
0
88
65
46
31
74
55
53
1
76
52
34
38
4
35
19
18
41
3
57
44
50
40
34
47
49
2
77
66
99
22
37
63
21
100
84
27
72
34
80
12
26
96
95
37
40
34
52
76
11
93
17
80
66
11
20
50
30
11
79
67
10
86
72
51
44
30
9
21
75
94
68
91
35
10
52
23
77
47
51
84
13
74
80
67
18
15
39
55
17
70
71
62
51
49
41
11
60
21
9
6
89
27
57
24
74
72
28
88
35
75
25
30
64
89
86
84
47
55
1
38
34
10
37
44
7
69
94
27
46
35
6
48
95
7
69
65
57
84
32
29
70
66
12
80
33
96
14
24
93
72
98
82
2
5
37
26
16
24
81
69
85
51
56
50
72
14
92
79
90
99
5
48
30
98
77
6
96
100
42
13
100
43
26
29
27
65
14
58
15
10
99
20
14
13
30
90
36
55
20
22
43
97
71
73
22
26
80
9
62
33
27
41
15
92
26
76
88
70
80
22
14
36
97
26
52
5
1
34
95
60
71
95
9
8
40
99
3
26
93
77
49
63
53
73
78
65
65
28
14
58
40
84
18
46
15
22
42
80
76
23
63
67
74
98
23
49
14
2
94
2
40
52
63
54
21
91
75
74
100
30
62
55
9
96
73
84
4
32
59
87
85
77
84
59
48
48
69
58
15
90
73
53
22
87
36
25
33
80
49
45
45
39
58
20
27
66
65
79
1
89
19
79
26
24
6
47
91
63
4
59
49
80
50
3
10
9
43
86
40
38
35
66
66
17
67
53
5
31
13
92
99
68
81
10
62
93
1
12
47
15
89
92
26
60
47
6
6
99
51
15
84
17
24
0
59
73
48
45
71
76
70
35
79
31
19
25
89
96
72
17
44
50
71
22
85
44
0
77
67
53
84
12
93
44
38
26
17
9
40
36
33
38
96
81
83
14
26
51
22
5
25
1
65
51
90
57
34
81
25
34
17
91
72
43
40
14
18
34
55
62
74
1
27
49
11
8
47
64
81
67
7
68
25
22
65
10
4
40
5
61
84
30
11
16
35
30
70
90
100
84
21
11
100
94
8
37
14
11
87
50
20
56
68
83
41
13
42
74
19
49
19
80
78
36
58
46
29
17
2
93
25
63
65
43
98
22
70
42
0
83
95
20
56
26
86
91
2
9
49
10
13
79
34
91
92
73
28
90
55
19
46
7
23
93
75
11
39
8
56
31
91
100
80
31
71
55
1
58
91
27
78
96
36
77
65
50
25
8
81
0
8
39
99
99
55
43
4
64
51
33
81
61
7
85
62
82
41
67
13
14
35
45
46
75
0
81
99
20
55
75
0
69
53
35
72
52
96
3
2
75
80
31
77
44
76
13
65
97
3
60
73
46
73
0
17
11
86
31
81
54
14
92
36
72
31
74
94
54
29
47
54
8
92
46
53
66
32
55
12
85
18
75
97
34
7
89
47
3
82
47
36
35
19
42
28
4
53
20
16
97
72
17
96
86
66
90
84
18
91
57
79
49
33
88
