44
48
69
23
57
88
20
81
39
16
89
37
22
4
17
12
45
100
30
77
48
76
98
37
7
46
94
0
76
88
28
89
19
39
63
37
7
43
30
9
33
9
13
23
90
82
87
19
69
84
12
35
56
84
98
75
85
22
55
53
86
43
84
46
90
62
14
24
39
1
7
40
34
75
97
93
88
94
44
21
12
85
71
14
61
81
79
83
60
81
87
60
47
55
62
58
65
89
52
27
59
50
36
63
75
48
66
38
65
12
11
86
1
68
99
51
5
77
82
39
87
100
76
62
57
22
24
18
17
95
76
29
89
69
28
32
43
39
65
37
38
30
78
8
93
50
70
94
88
51
50
8
89
33
93
21
90
100
88
0
88
90
49
83
2
58
77
2
100
75
73
49
19
76
99
43
98
5
60
42
89
19
53
88
18
64
89
22
44
38
15
39
87
16
34
75
84
58
7
16
25
72
68
88
31
39
1
87
11
47
68
64
15
45
53
96
89
100
7
37
27
19
35
28
70
76
38
33
95
64
15
56
48
60
61
34
63
84
99
28
3
62
86
87
34
44
91
81
98
20
38
55
9
13
9
32
36
90
57
44
12
32
73
22
17
26
1
35
92
54
56
1
73
79
21
87
83
23
60
53
38
77
24
8
4
34
17
69
9
72
41
73
33
35
15
53
65
21
86
71
46
80
73
47
90
22
66
14
22
83
16
81
34
21
35
84
25
32
54
40
94
83
98
93
53
85
36
97
20
55
33
49
70
40
91
2
4
9
18
61
81
69
44
30
39
23
59
56
31
88
30
96
95
56
84
4
84
37
94
0
11
9
67
93
6
37
78
24
42
60
84
100
89
64
87
50
4
99
99
94
28
98
91
41
54
61
74
90
71
67
53
69
78
14
40
23
51
68
46
40
69
0
0
85
43
42
0
94
70
99
42
71
62
61
84
90
71
92
67
14
62
57
39
20
40
84
74
15
33
12
94
13
47
33
38
70
67
40
32
58
12
80
51
67
33
35
100
51
84
67
31
18
76
76
48
17
97
82
81
78
47
5
37
42
77
29
56
86
30
56
31
52
72
69
8
26
94
58
43
38
43
57
58
30
66
97
12
25
1
60
13
35
89
30
77
52
99
41
19
37
79
84
32
26
35
53
4
55
97
49
95
78
76
100
10
98
94
68
56
7
24
59
3
61
93
33
64
57
97
40
6
63
16
25
24
58
66
52
27
91
29
82
13
85
78
78
41
57
86
62
24
90
37
99
48
64
91
81
72
64
57
77
10
46
38
46
45
97
40
15
94
26
97
6
70
54
97
83
63
64
43
20
29
94
11
62
73
68
41
54
23
53
56
67
37
42
90
38
8
75
95
13
34
96
93
2
51
96
78
78
41
30
14
41
63
27
81
32
10
44
23
41
100
71
66
65
71
38
35
30
22
61
93
43
4
87
82
54
20
0
7
8
77
91
27
11
93
89
21
88
60
6
27
42
49
19
27
98
45
8
74
80
22
66
54
65
36
15
62
37
32
9
82
9
6
64
12
99
9
36
100
97
30
76
83
91
31
84
53
50
73
25
5
48
41
70
4
10
46
89
81
55
70
63
40
71
50
14
36
2
10
98
48
16
33
78
70
60
19
29
44
87
32
18
96
66
15
88
68
75
27
41
6
87
54
95
38
61
80
97
66
42
44
18
37
17
43
10
50
87
5
60
95
80
89
88
21
95
48
39
99
87
96
66
62
39
84
67
41
95
35
87
72
44
7
98
63
21
53
85
37
22
45
26
100
20
14
1
100
89
96
83
38
62
56
44
78
13
48
50
57
81
70
82
15
56
81
84
90
56
81
96
25
89
45
70
80
23
48
27
9
10
38
38
51
33
76
8
11
86
42
70
73
86
58
82
96
26
69
0
75
36
87
73
70
13
82
33
69
20
27
33
75
5
9
6
13
64
73
64
59
91
72
63
56
56
59
2
68
45
49
84
10
56
43
10
24
80
12
41
87
54
80
87
19
96
71
93
97
91
82
87
14
63
5
30
83
28
13
70
23
56
90
7
61
57
13
47
99
26
4
53
70
15
2
93
46
20
56
41
12
50
19
42
10
74
73
18
35
34
85
3
12
16
38
76
56
25
45
93
25
96
63
88
90
19
20
80
82
76
12
95
45
8
84
53
58
53
8
88
13
51
1
25
40
48
66
40
75
40
92
62
3
9
56
9
100
12
81
17
9
87
20
1
96
4
71
30
54
44
81
84
35
78
41
24
44
57
89
3
