5
73
34
49
86
81
24
85
74
53
69
0
16
15
48
38
6
18
9
87
70
69
45
65
60
29
96
50
26
26
45
1
27
22
24
13
51
76
55
4
100
20
41
65
87
73
38
86
9
41
63
12
73
49
37
17
42
68
11
16
73
83
99
71
1
47
56
53
56
32
25
32
29
32
35
58
28
83
4
70
47
16
65
58
20
23
48
45
43
41
80
59
47
14
37
81
69
79
38
30
1
40
46
97
65
71
97
12
7
17
7
12
66
67
50
15
99
92
6
90
31
77
15
81
57
96
13
52
84
64
49
12
37
89
21
73
64
41
24
37
14
0
84
22
12
62
82
16
62
97
73
4
43
35
71
80
20
26
9
97
64
69
79
26
19
20
36
81
32
5
4
34
81
47
6
21
39
70
45
87
53
84
44
73
79
62
50
90
8
50
83
36
54
8
45
28
41
77
8
25
19
66
10
2
11
49
46
23
13
31
35
68
37
94
45
91
54
13
50
61
100
77
84
79
66
46
40
46
95
83
23
45
62
5
19
74
34
8
3
69
49
38
98
70
80
55
84
57
26
46
44
36
86
11
54
33
89
90
78
100
65
72
51
43
64
95
29
33
26
57
42
70
18
26
14
67
23
58
50
87
97
14
86
34
89
20
1
99
59
11
86
25
75
59
85
72
96
7
28
32
1
61
99
3
48
95
73
26
65
11
2
73
61
45
77
47
69
7
90
78
31
89
58
11
73
80
13
92
71
35
55
15
68
13
57
18
52
46
25
71
51
21
68
33
91
45
74
82
9
92
47
15
37
95
7
94
39
18
91
48
63
41
84
67
57
79
45
56
71
52
94
3
9
62
54
96
36
98
96
13
70
50
53
72
27
46
27
74
63
74
98
86
81
43
12
2
44
49
86
35
71
70
55
19
78
48
25
87
44
51
32
100
57
30
58
58
69
51
90
3
57
83
49
61
87
50
15
20
87
82
70
98
18
13
68
53
25
79
97
56
3
84
23
41
99
83
68
52
54
25
13
40
46
70
78
60
5
86
26
53
87
59
95
3
49
79
18
84
35
88
45
27
100
24
13
4
95
98
90
84
86
55
97
20
47
8
77
80
74
97
42
15
43
55
50
9
84
91
35
77
71
14
24
39
9
20
26
77
79
66
32
20
5
76
44
85
26
51
12
21
21
51
29
59
80
82
3
100
14
12
61
5
53
16
65
67
61
57
81
41
99
44
51
31
92
59
18
50
51
1
15
88
40
28
89
79
100
89
78
86
42
35
86
67
12
79
73
45
59
21
95
21
7
78
50
49
55
47
36
10
28
68
26
15
30
91
7
75
86
22
33
22
29
15
9
54
3
57
21
18
82
35
55
30
21
7
63
37
16
15
92
67
28
70
29
12
42
88
63
11
84
66
19
3
36
43
23
16
93
53
23
5
62
76
12
15
37
28
62
80
84
88
78
17
35
95
51
98
37
34
97
61
46
19
98
97
57
81
62
93
18
6
31
52
47
38
82
6
3
80
98
64
72
73
64
84
23
86
2
8
81
48
37
59
49
51
54
13
39
5
84
69
90
71
29
5
54
17
80
56
85
54
74
2
52
37
89
9
86
33
31
72
20
22
69
10
12
8
26
27
17
52
75
80
39
9
73
80
84
17
28
36
85
13
61
94
26
97
64
40
98
89
79
29
84
39
16
5
56
82
79
59
61
75
81
98
12
82
40
47
40
41
40
97
8
79
2
89
48
91
90
12
46
43
41
60
13
0
38
65
74
91
52
37
6
41
17
27
73
75
22
36
58
39
48
65
32
55
64
68
100
99
40
2
51
3
60
75
6
67
50
4
78
44
57
95
28
49
85
58
0
46
91
76
6
69
60
81
49
1
82
14
39
43
80
45
60
44
48
44
59
10
61
92
74
63
44
66
57
14
64
51
29
25
17
29
73
5
87
33
73
79
32
1
66
84
10
36
64
57
40
51
82
79
93
38
50
66
88
35
5
86
21
0
34
17
80
0
39
43
15
55
86
1
7
4
26
68
90
47
79
37
50
91
98
64
2
36
16
63
39
72
95
88
0
77
71
30
14
4
65
35
7
48
63
63
69
14
72
44
78
4
23
92
25
95
0
73
82
51
26
66
34
42
22
2
11
72
23
88
72
30
16
83
56
36
79
50
28
48
99
24
7
44
4
55
93
68
49
60
31
38
33
33
34
88
35
68
1
73
23
93
65
97
62
25
77
56
69
84
61
68
23
85
8
57
91
12
59
65
